pathway_label	Notch signaling	Hippo signaling	DNA base excision repair	DNA strand break joining	Poly(ADP-ribose) polymerase (PARP)	Direct reversal of DNA damage	Repair of DNA-topoisomerase crosslinks	Mismatch excision repair	Nucleotide excision repair	Homologous recombination	Fanconi anemia	Non-homologous DNA end-joining	Modulation of nucleotide pools	DNA polymerase	Editing and processing nucleases	Ubiquitination and modification	Chromatin structure and modification	Sensitivity to DNA damaging agents	Known/suspected DNA repair function	Conserved DNA damage response	DNA damage checkpoint	PI3-K signaling	Wnt signaling	Intrinsic apoptotic pathway	Extrinsic apoptotic pathway	Cell cycle	Histone modification	Oxidative stress	Ras signaling	TGF-B signaling	TP53 signaling	cell cycle (Pancan Atlas)	HIPPO (Pancan Atlas)	MYC (Pancan Atlas)	NOTCH (Pancan Atlas)	NRF2 (Pancan Atlas)	PI3K (Pancan Atlas)	TGF-Beta (Pancan Atlas)	RTK RAS (Pancan Atlas)	TP53 (Pancan Atlas)	WNT (Pancan Atlas)
ACC	7.0	8.0	9.0	7.0	1.0	2.0	1.0	10.0	25.0	19.0	9.0	4.0	3.0	17.0	13.0	7.0	2.0	2.0	5.0	15.0	28.0	19.0	26.0	42.0	45.0	36.0	49.0	41.0	52.0	37.0	35.0	25.0	20.0	14.0	37.0	3.0	26.0	10.0	35.0	11.0	37.0
DLBC	7.0	17.0	9.0	7.0	5.0	0.0	2.0	7.0	14.0	15.0	11.0	4.0	3.0	14.0	12.0	13.0	2.0	4.0	3.0	15.0	21.0	21.0	23.0	32.0	35.0	28.0	34.0	27.0	30.0	30.0	26.0	23.0	21.0	10.0	26.0	0.0	16.0	7.0	26.0	7.0	23.0
READ	4.0	36.0	14.0	2.0	3.0	1.0	0.0	3.0	8.0	16.0	13.0	9.0	11.0	17.0	22.0	9.0	3.0	19.0	8.0	11.0	28.0	11.0	40.0	76.0	70.0	72.0	83.0	56.0	83.0	72.0	48.0	30.0	43.0	19.0	52.0	0.0	29.0	18.0	61.0	9.0	48.0
GBM	21.0	22.0	23.0	10.0	5.0	14.0	3.0	16.0	41.0	61.0	34.0	12.0	15.0	34.0	22.0	23.0	14.0	9.0	20.0	36.0	139.0	138.0	113.0	203.0	193.0	187.0	267.0	376.0	457.0	385.0	182.0	429.0	73.0	39.0	161.0	8.0	139.0	11.0	392.0	109.0	134.0
PCPG	6.0	5.0	9.0	2.0	6.0	4.0	2.0	8.0	16.0	15.0	8.0	3.0	4.0	17.0	10.0	8.0	4.0	2.0	10.0	15.0	23.0	15.0	29.0	40.0	39.0	30.0	48.0	37.0	44.0	34.0	32.0	9.0	19.0	15.0	45.0	1.0	26.0	4.0	36.0	9.0	30.0
STAD	47.0	110.0	81.0	30.0	23.0	15.0	10.0	53.0	112.0	139.0	89.0	46.0	45.0	108.0	79.0	83.0	31.0	55.0	52.0	105.0	192.0	142.0	219.0	298.0	275.0	275.0	318.0	258.0	323.0	266.0	263.0	190.0	171.0	105.0	222.0	16.0	181.0	64.0	270.0	63.0	219.0
UCEC	61.0	81.0	80.0	30.0	34.0	13.0	12.0	45.0	109.0	112.0	53.0	50.0	36.0	95.0	64.0	88.0	15.0	53.0	43.0	97.0	147.0	132.0	176.0	215.0	214.0	193.0	225.0	200.0	242.0	192.0	181.0	115.0	158.0	109.0	181.0	43.0	166.0	26.0	210.0	48.0	177.0
THCA	7.0	5.0	2.0	3.0	4.0	0.0	0.0	2.0	11.0	8.0	12.0	1.0	1.0	1.0	11.0	8.0	2.0	3.0	4.0	6.0	22.0	20.0	23.0	36.0	34.0	28.0	48.0	30.0	53.0	30.0	30.0	7.0	22.0	8.0	29.0	1.0	25.0	1.0	37.0	8.0	28.0
CESC	38.0	94.0	51.0	18.0	17.0	3.0	12.0	28.0	65.0	53.0	33.0	22.0	11.0	50.0	35.0	83.0	21.0	36.0	14.0	85.0	107.0	113.0	135.0	181.0	178.0	140.0	202.0	153.0	216.0	144.0	149.0	56.0	130.0	37.0	161.0	22.0	129.0	21.0	147.0	26.0	132.0
UCS	19.0	21.0	14.0	10.0	3.0	1.0	3.0	9.0	23.0	29.0	8.0	20.0	10.0	22.0	18.0	19.0	4.0	12.0	10.0	19.0	31.0	25.0	45.0	45.0	46.0	47.0	48.0	45.0	51.0	44.0	43.0	35.0	37.0	22.0	43.0	8.0	37.0	6.0	46.0	9.0	41.0
TGCT	3.0	10.0	2.0	3.0	3.0	5.0	0.0	6.0	8.0	42.0	7.0	6.0	4.0	7.0	2.0	10.0	9.0	9.0	32.0	20.0	47.0	13.0	48.0	64.0	61.0	59.0	76.0	60.0	76.0	51.0	44.0	39.0	43.0	7.0	47.0	0.0	11.0	5.0	63.0	14.0	53.0
LIHC	49.0	83.0	56.0	15.0	35.0	4.0	17.0	27.0	66.0	101.0	50.0	44.0	58.0	65.0	70.0	85.0	9.0	85.0	30.0	96.0	143.0	118.0	187.0	209.0	238.0	181.0	236.0	190.0	250.0	225.0	202.0	106.0	175.0	105.0	206.0	14.0	174.0	22.0	198.0	60.0	176.0
CCLE_Breast	0.0	0.0	1.0	1.0	0.0	0.0	0.0	0.0	2.0	5.0	3.0	0.0	0.0	1.0	2.0	0.0	0.0	2.0	2.0	3.0	8.0	6.0	9.0	26.0	13.0	18.0	59.0	18.0	43.0	26.0	23.0	24.0	10.0	3.0	15.0	0.0	20.0	4.0	30.0	2.0	8.0
CHOL	5.0	7.0	2.0	2.0	4.0	0.0	2.0	1.0	5.0	7.0	4.0	3.0	3.0	2.0	8.0	7.0	0.0	3.0	3.0	11.0	14.0	10.0	16.0	22.0	19.0	15.0	22.0	18.0	24.0	18.0	18.0	13.0	13.0	4.0	16.0	0.0	11.0	2.0	16.0	5.0	13.0
HNSC	41.0	150.0	66.0	29.0	17.0	16.0	15.0	48.0	93.0	124.0	69.0	52.0	44.0	90.0	49.0	150.0	15.0	79.0	40.0	137.0	255.0	199.0	265.0	345.0	373.0	269.0	374.0	325.0	407.0	351.0	264.0	273.0	235.0	89.0	275.0	39.0	241.0	44.0	314.0	53.0	276.0
UVM	7.0	12.0	2.0	2.0	2.0	0.0	8.0	6.0	6.0	15.0	8.0	7.0	12.0	8.0	5.0	16.0	4.0	16.0	3.0	9.0	12.0	13.0	25.0	27.0	28.0	26.0	33.0	17.0	28.0	32.0	30.0	10.0	21.0	16.0	28.0	2.0	20.0	0.0	22.0	2.0	25.0
SKCM	34.0	50.0	34.0	9.0	14.0	8.0	18.0	39.0	62.0	87.0	52.0	34.0	32.0	57.0	51.0	55.0	18.0	49.0	38.0	73.0	139.0	113.0	175.0	204.0	215.0	172.0	229.0	187.0	256.0	239.0	188.0	176.0	145.0	54.0	178.0	4.0	136.0	11.0	191.0	55.0	157.0
COAD	17.0	76.0	40.0	9.0	3.0	4.0	5.0	10.0	53.0	55.0	48.0	29.0	27.0	57.0	58.0	27.0	5.0	47.0	16.0	39.0	93.0	58.0	118.0	199.0	188.0	206.0	219.0	156.0	245.0	179.0	153.0	84.0	114.0	51.0	141.0	4.0	97.0	45.0	161.0	24.0	132.0
BLCA	52.0	118.0	99.0	41.0	20.0	23.0	31.0	63.0	129.0	137.0	117.0	63.0	73.0	102.0	49.0	98.0	25.0	51.0	57.0	119.0	242.0	136.0	225.0	298.0	300.0	269.0	339.0	273.0	331.0	306.0	252.0	271.0	198.0	112.0	232.0	25.0	211.0	44.0	270.0	66.0	237.0
PAAD	14.0	17.0	15.0	15.0	5.0	6.0	2.0	10.0	24.0	53.0	25.0	17.0	15.0	33.0	16.0	22.0	1.0	27.0	17.0	16.0	50.0	36.0	71.0	91.0	82.0	83.0	100.0	74.0	103.0	107.0	76.0	77.0	53.0	35.0	74.0	4.0	55.0	34.0	74.0	12.0	71.0
THYM	5.0	2.0	2.0	2.0	4.0	1.0	0.0	2.0	9.0	6.0	3.0	2.0	1.0	3.0	5.0	8.0	1.0	1.0	2.0	9.0	15.0	6.0	16.0	22.0	22.0	16.0	25.0	21.0	25.0	19.0	18.0	6.0	17.0	4.0	16.0	2.0	11.0	2.0	18.0	7.0	17.0
LUSC	93.0	194.0	107.0	56.0	32.0	15.0	17.0	51.0	88.0	139.0	111.0	44.0	37.0	140.0	83.0	239.0	20.0	68.0	67.0	209.0	281.0	324.0	344.0	408.0	417.0	336.0	435.0	407.0	440.0	393.0	309.0	272.0	295.0	112.0	341.0	41.0	369.0	34.0	372.0	59.0	362.0
MESO	5.0	7.0	9.0	2.0	2.0	2.0	0.0	0.0	11.0	13.0	13.0	1.0	7.0	9.0	11.0	7.0	3.0	3.0	9.0	11.0	30.0	16.0	23.0	38.0	29.0	24.0	44.0	29.0	38.0	52.0	29.0	44.0	25.0	11.0	28.0	3.0	15.0	4.0	31.0	6.0	20.0
OV	186.0	266.0	185.0	87.0	79.0	48.0	64.0	152.0	270.0	317.0	179.0	115.0	143.0	213.0	189.0	274.0	50.0	239.0	127.0	246.0	403.0	365.0	448.0	506.0	509.0	488.0	526.0	470.0	534.0	485.0	473.0	345.0	438.0	335.0	498.0	97.0	441.0	79.0	493.0	115.0	463.0
ESCA	30.0	73.0	52.0	19.0	12.0	6.0	5.0	28.0	50.0	77.0	46.0	18.0	30.0	71.0	30.0	76.0	11.0	42.0	32.0	74.0	125.0	90.0	126.0	152.0	160.0	138.0	168.0	150.0	169.0	156.0	134.0	128.0	113.0	77.0	129.0	15.0	108.0	31.0	148.0	28.0	132.0
SARC	41.0	50.0	49.0	25.0	13.0	16.0	4.0	37.0	101.0	72.0	67.0	34.0	21.0	65.0	45.0	60.0	28.0	30.0	32.0	73.0	134.0	94.0	140.0	196.0	181.0	167.0	211.0	188.0	210.0	193.0	183.0	150.0	138.0	47.0	167.0	26.0	125.0	26.0	176.0	97.0	147.0
KIRP	7.0	11.0	12.0	6.0	3.0	1.0	3.0	14.0	10.0	25.0	16.0	8.0	1.0	12.0	10.0	6.0	3.0	7.0	4.0	12.0	40.0	24.0	43.0	56.0	55.0	42.0	62.0	53.0	63.0	57.0	49.0	21.0	33.0	13.0	54.0	6.0	29.0	1.0	50.0	10.0	39.0
LGG	34.0	54.0	42.0	45.0	18.0	22.0	12.0	26.0	85.0	93.0	48.0	26.0	34.0	52.0	42.0	47.0	31.0	45.0	51.0	49.0	148.0	116.0	150.0	222.0	211.0	178.0	251.0	232.0	282.0	228.0	207.0	138.0	182.0	77.0	198.0	19.0	153.0	18.0	245.0	37.0	168.0
LAML	4.0	3.0	2.0	2.0	3.0	1.0	0.0	5.0	9.0	12.0	5.0	3.0	3.0	6.0	2.0	9.0	4.0	4.0	3.0	8.0	18.0	11.0	20.0	32.0	32.0	20.0	53.0	25.0	41.0	26.0	24.0	3.0	14.0	6.0	21.0	1.0	13.0	2.0	29.0	6.0	19.0
PRAD	42.0	81.0	102.0	21.0	19.0	24.0	12.0	49.0	130.0	100.0	110.0	50.0	43.0	135.0	43.0	89.0	21.0	86.0	38.0	129.0	166.0	165.0	225.0	267.0	295.0	241.0	297.0	233.0	333.0	220.0	251.0	133.0	146.0	92.0	202.0	17.0	215.0	55.0	225.0	69.0	222.0
LUAD	90.0	105.0	73.0	36.0	43.0	20.0	15.0	62.0	121.0	135.0	89.0	42.0	64.0	101.0	112.0	103.0	16.0	75.0	66.0	170.0	224.0	169.0	264.0	342.0	344.0	305.0	379.0	331.0	382.0	356.0	287.0	211.0	230.0	125.0	296.0	16.0	216.0	36.0	311.0	88.0	257.0
BRCA	199.0	269.0	185.0	88.0	154.0	35.0	32.0	85.0	237.0	394.0	300.0	150.0	205.0	269.0	288.0	284.0	52.0	247.0	146.0	274.0	575.0	489.0	645.0	711.0	750.0	616.0	784.0	688.0	807.0	709.0	641.0	384.0	550.0	295.0	608.0	33.0	599.0	52.0	695.0	217.0	651.0
KIRC	11.0	73.0	65.0	6.0	57.0	2.0	1.0	64.0	67.0	96.0	67.0	15.0	6.0	14.0	66.0	124.0	59.0	13.0	8.0	72.0	108.0	38.0	159.0	162.0	165.0	132.0	194.0	165.0	198.0	109.0	151.0	22.0	141.0	94.0	169.0	9.0	98.0	58.0	173.0	10.0	156.0
KICH	3.0	3.0	1.0	0.0	0.0	0.0	1.0	2.0	2.0	6.0	3.0	1.0	2.0	2.0	2.0	1.0	1.0	2.0	1.0	2.0	6.0	6.0	6.0	11.0	12.0	8.0	13.0	7.0	10.0	8.0	11.0	3.0	4.0	2.0	10.0	0.0	9.0	1.0	5.0	1.0	3.0
