pathway_label	Notch signaling	Hippo signaling	DNA base excision repair	DNA strand break joining	Poly(ADP-ribose) polymerase (PARP)	Direct reversal of DNA damage	Repair of DNA-topoisomerase crosslinks	Mismatch excision repair	Nucleotide excision repair	Homologous recombination	Fanconi anemia	Non-homologous DNA end-joining	Modulation of nucleotide pools	DNA polymerase	Editing and processing nucleases	Ubiquitination and modification	Chromatin structure and modification	Sensitivity to DNA damaging agents	Known/suspected DNA repair function	Conserved DNA damage response	DNA damage checkpoint	PI3-K signaling	Wnt signaling	Intrinsic apoptotic pathway	Extrinsic apoptotic pathway	Cell cycle	Histone modification	Oxidative stress	Ras signaling	TGF-B signaling	TP53 signaling	cell cycle (Pancan Atlas)	HIPPO (Pancan Atlas)	MYC (Pancan Atlas)	NOTCH (Pancan Atlas)	NRF2 (Pancan Atlas)	PI3K (Pancan Atlas)	TGF-Beta (Pancan Atlas)	RTK RAS (Pancan Atlas)	TP53 (Pancan Atlas)	WNT (Pancan Atlas)
ACC	8.0	13.0	10.0	10.0	4.0	4.0	2.0	16.0	30.0	23.0	14.0	8.0	3.0	25.0	15.0	9.0	6.0	7.0	7.0	35.0	36.0	23.0	36.0	55.0	59.0	50.0	64.0	54.0	63.0	52.0	47.0	27.0	42.0	16.0	50.0	6.0	32.0	13.0	45.0	30.0	53.0
DLBC	11.0	22.0	14.0	10.0	6.0	0.0	5.0	14.0	17.0	22.0	20.0	7.0	4.0	22.0	14.0	17.0	4.0	14.0	5.0	26.0	28.0	28.0	32.0	42.0	41.0	36.0	44.0	39.0	38.0	39.0	36.0	29.0	35.0	17.0	38.0	1.0	23.0	7.0	36.0	19.0	35.0
READ	4.0	32.0	10.0	4.0	3.0	1.0	2.0	11.0	12.0	12.0	16.0	5.0	8.0	17.0	13.0	12.0	3.0	16.0	8.0	64.0	24.0	23.0	78.0	76.0	53.0	79.0	74.0	74.0	79.0	56.0	70.0	17.0	51.0	16.0	49.0	0.0	30.0	20.0	70.0	67.0	78.0
GBM	21.0	15.0	16.0	8.0	3.0	6.0	2.0	15.0	28.0	39.0	25.0	8.0	7.0	24.0	13.0	14.0	10.0	12.0	19.0	103.0	80.0	186.0	77.0	166.0	191.0	120.0	189.0	231.0	268.0	212.0	166.0	234.0	88.0	27.0	116.0	0.0	185.0	9.0	239.0	135.0	103.0
PCPG	7.0	5.0	9.0	2.0	6.0	4.0	2.0	9.0	22.0	16.0	11.0	5.0	4.0	19.0	10.0	10.0	4.0	2.0	10.0	26.0	33.0	16.0	38.0	50.0	51.0	36.0	72.0	41.0	67.0	40.0	42.0	11.0	31.0	17.0	55.0	2.0	28.0	4.0	71.0	16.0	38.0
STAD	67.0	84.0	82.0	40.0	36.0	18.0	18.0	83.0	121.0	124.0	112.0	74.0	37.0	132.0	74.0	84.0	30.0	86.0	68.0	198.0	182.0	168.0	213.0	256.0	243.0	240.0	258.0	244.0	279.0	242.0	246.0	138.0	209.0	109.0	214.0	27.0	194.0	96.0	256.0	178.0	227.0
UCEC	52.0	58.0	55.0	40.0	27.0	11.0	14.0	56.0	86.0	84.0	75.0	50.0	19.0	89.0	43.0	61.0	22.0	55.0	40.0	117.0	116.0	226.0	188.0	179.0	228.0	155.0	200.0	164.0	241.0	160.0	161.0	88.0	154.0	79.0	158.0	41.0	235.0	35.0	191.0	100.0	197.0
THCA	10.0	8.0	5.0	2.0	4.0	0.0	1.0	10.0	18.0	10.0	16.0	11.0	1.0	11.0	9.0	8.0	4.0	12.0	6.0	39.0	37.0	32.0	54.0	86.0	61.0	66.0	153.0	58.0	372.0	59.0	59.0	14.0	41.0	9.0	62.0	3.0	40.0	3.0	380.0	39.0	57.0
CESC	33.0	64.0	32.0	21.0	15.0	4.0	10.0	31.0	59.0	47.0	36.0	30.0	11.0	48.0	30.0	54.0	22.0	34.0	22.0	80.0	90.0	113.0	119.0	152.0	150.0	128.0	177.0	133.0	180.0	127.0	131.0	45.0	129.0	42.0	152.0	25.0	128.0	35.0	154.0	34.0	116.0
UCS	20.0	27.0	15.0	12.0	5.0	2.0	4.0	12.0	25.0	31.0	13.0	23.0	10.0	26.0	21.0	22.0	4.0	15.0	12.0	52.0	36.0	41.0	50.0	56.0	53.0	52.0	52.0	55.0	56.0	47.0	55.0	40.0	45.0	24.0	48.0	9.0	51.0	8.0	53.0	52.0	44.0
TGCT	4.0	14.0	5.0	4.0	3.0	5.0	0.0	8.0	12.0	42.0	10.0	9.0	4.0	8.0	4.0	12.0	10.0	13.0	35.0	25.0	54.0	18.0	57.0	74.0	75.0	63.0	96.0	67.0	106.0	60.0	54.0	40.0	52.0	10.0	57.0	2.0	16.0	6.0	105.0	16.0	68.0
LIHC	38.0	57.0	43.0	17.0	31.0	8.0	13.0	32.0	59.0	66.0	56.0	41.0	38.0	57.0	53.0	59.0	10.0	64.0	27.0	109.0	109.0	89.0	151.0	158.0	163.0	135.0	175.0	148.0	187.0	154.0	166.0	77.0	139.0	69.0	149.0	24.0	130.0	28.0	157.0	101.0	155.0
CCLE_Breast	5.0	5.0	8.0	9.0	1.0	2.0	0.0	14.0	14.0	19.0	26.0	11.0	1.0	17.0	6.0	4.0	2.0	11.0	9.0	45.0	29.0	40.0	38.0	52.0	46.0	45.0	53.0	48.0	52.0	47.0	50.0	31.0	41.0	15.0	43.0	0.0	44.0	14.0	49.0	42.0	45.0
CHOL	8.0	8.0	3.0	2.0	4.0	0.0	2.0	2.0	7.0	7.0	5.0	4.0	3.0	4.0	8.0	7.0	1.0	4.0	4.0	17.0	16.0	14.0	18.0	26.0	24.0	21.0	32.0	24.0	32.0	24.0	22.0	15.0	19.0	8.0	20.0	3.0	15.0	3.0	28.0	11.0	16.0
HNSC	73.0	164.0	84.0	48.0	27.0	27.0	17.0	93.0	139.0	162.0	139.0	87.0	46.0	160.0	71.0	164.0	22.0	104.0	64.0	409.0	303.0	292.0	355.0	481.0	446.0	365.0	468.0	463.0	490.0	413.0	452.0	347.0	388.0	114.0	402.0	92.0	322.0	90.0	432.0	378.0	349.0
UVM	9.0	13.0	2.0	3.0	2.0	0.0	8.0	6.0	7.0	19.0	11.0	9.0	13.0	8.0	5.0	17.0	4.0	16.0	3.0	10.0	14.0	14.0	31.0	33.0	32.0	31.0	58.0	23.0	36.0	34.0	34.0	11.0	24.0	16.0	33.0	3.0	24.0	0.0	28.0	2.0	30.0
SKCM	80.0	75.0	72.0	30.0	31.0	21.0	27.0	99.0	133.0	144.0	137.0	77.0	39.0	144.0	81.0	90.0	41.0	88.0	81.0	203.0	238.0	215.0	282.0	332.0	332.0	293.0	352.0	307.0	362.0	331.0	307.0	251.0	310.0	119.0	309.0	15.0	237.0	40.0	357.0	133.0	297.0
COAD	38.0	62.0	32.0	20.0	17.0	5.0	1.0	42.0	64.0	56.0	58.0	33.0	12.0	78.0	50.0	35.0	11.0	63.0	25.0	155.0	102.0	113.0	200.0	194.0	167.0	207.0	199.0	186.0	213.0	166.0	186.0	61.0	151.0	51.0	159.0	11.0	139.0	81.0	189.0	142.0	201.0
BLCA	90.0	139.0	120.0	57.0	36.0	23.0	39.0	98.0	184.0	188.0	192.0	104.0	76.0	178.0	75.0	117.0	37.0	119.0	91.0	275.0	291.0	219.0	288.0	367.0	360.0	333.0	380.0	353.0	385.0	343.0	352.0	319.0	314.0	149.0	338.0	60.0	295.0	75.0	363.0	278.0	298.0
PAAD	15.0	30.0	18.0	18.0	6.0	7.0	4.0	15.0	37.0	57.0	30.0	20.0	16.0	46.0	20.0	23.0	3.0	34.0	21.0	120.0	71.0	44.0	89.0	140.0	119.0	122.0	149.0	139.0	166.0	133.0	135.0	110.0	86.0	37.0	101.0	5.0	66.0	78.0	159.0	119.0	101.0
THYM	9.0	4.0	2.0	5.0	4.0	1.0	0.0	8.0	11.0	10.0	5.0	3.0	1.0	7.0	7.0	11.0	2.0	1.0	3.0	16.0	22.0	10.0	21.0	41.0	41.0	22.0	59.0	30.0	47.0	31.0	37.0	7.0	26.0	5.0	30.0	3.0	20.0	2.0	40.0	12.0	28.0
LUSC	46.0	75.0	53.0	29.0	12.0	7.0	6.0	50.0	57.0	66.0	77.0	42.0	17.0	78.0	36.0	111.0	6.0	41.0	42.0	157.0	127.0	148.0	154.0	176.0	175.0	157.0	178.0	176.0	178.0	158.0	173.0	123.0	163.0	55.0	159.0	66.0	158.0	33.0	173.0	148.0	151.0
MESO	7.0	16.0	9.0	2.0	2.0	2.0	0.0	5.0	12.0	15.0	17.0	1.0	7.0	11.0	11.0	8.0	3.0	5.0	11.0	26.0	34.0	21.0	28.0	50.0	38.0	29.0	65.0	41.0	52.0	55.0	40.0	42.0	53.0	15.0	38.0	2.0	24.0	5.0	39.0	19.0	28.0
OV	53.0	66.0	53.0	19.0	18.0	16.0	18.0	43.0	64.0	86.0	53.0	31.0	33.0	57.0	53.0	66.0	10.0	64.0	37.0	126.0	98.0	85.0	115.0	132.0	124.0	120.0	130.0	131.0	134.0	119.0	132.0	87.0	115.0	89.0	126.0	18.0	111.0	21.0	122.0	116.0	117.0
ESCA	41.0	80.0	59.0	23.0	15.0	9.0	8.0	43.0	65.0	86.0	63.0	37.0	31.0	87.0	33.0	83.0	14.0	56.0	41.0	170.0	136.0	108.0	144.0	182.0	168.0	156.0	179.0	179.0	180.0	170.0	180.0	144.0	155.0	90.0	158.0	37.0	132.0	59.0	167.0	166.0	148.0
SARC	47.0	57.0	51.0	30.0	14.0	16.0	4.0	43.0	111.0	81.0	80.0	44.0	22.0	76.0	48.0	67.0	33.0	38.0	38.0	153.0	143.0	113.0	148.0	220.0	196.0	186.0	229.0	222.0	231.0	200.0	216.0	167.0	159.0	53.0	185.0	27.0	146.0	32.0	194.0	177.0	157.0
KIRP	12.0	25.0	19.0	6.0	5.0	1.0	3.0	33.0	19.0	42.0	36.0	10.0	2.0	30.0	12.0	11.0	5.0	14.0	12.0	34.0	54.0	38.0	78.0	127.0	125.0	74.0	187.0	113.0	176.0	109.0	97.0	24.0	91.0	21.0	108.0	22.0	65.0	10.0	144.0	23.0	87.0
LGG	43.0	66.0	48.0	52.0	24.0	22.0	15.0	32.0	93.0	108.0	66.0	37.0	35.0	67.0	46.0	53.0	35.0	56.0	54.0	277.0	177.0	194.0	178.0	339.0	280.0	218.0	398.0	356.0	434.0	265.0	322.0	152.0	226.0	91.0	280.0	21.0	232.0	27.0	323.0	278.0	209.0
LAML	4.0	4.0	2.0	2.0	4.0	1.0	0.0	5.0	9.0	13.0	7.0	3.0	3.0	6.0	2.0	9.0	4.0	5.0	2.0	20.0	24.0	13.0	22.0	43.0	36.0	33.0	78.0	36.0	115.0	31.0	34.0	3.0	20.0	9.0	28.0	2.0	13.0	2.0	114.0	19.0	22.0
PRAD	51.0	89.0	106.0	25.0	21.0	28.0	15.0	65.0	146.0	110.0	127.0	60.0	43.0	151.0	47.0	98.0	27.0	104.0	51.0	192.0	187.0	190.0	260.0	332.0	322.0	289.0	363.0	292.0	384.0	252.0	313.0	140.0	206.0	103.0	260.0	25.0	238.0	67.0	265.0	150.0	268.0
LUAD	131.0	131.0	97.0	58.0	54.0	27.0	28.0	114.0	171.0	182.0	167.0	105.0	67.0	184.0	132.0	130.0	32.0	139.0	107.0	352.0	294.0	238.0	325.0	443.0	409.0	382.0	449.0	430.0	477.0	426.0	423.0	237.0	374.0	172.0	381.0	120.0	331.0	82.0	458.0	340.0	357.0
BRCA	201.0	251.0	184.0	91.0	143.0	37.0	28.0	118.0	243.0	385.0	313.0	167.0	186.0	286.0	267.0	276.0	52.0	248.0	148.0	479.0	546.0	650.0	612.0	733.0	734.0	636.0	812.0	714.0	877.0	691.0	689.0	379.0	561.0	295.0	627.0	43.0	726.0	83.0	700.0	455.0	632.0
KIRC	15.0	54.0	51.0	5.0	39.0	2.0	3.0	53.0	57.0	88.0	68.0	15.0	3.0	39.0	43.0	90.0	42.0	40.0	15.0	75.0	100.0	54.0	137.0	186.0	176.0	148.0	266.0	169.0	243.0	127.0	167.0	22.0	152.0	78.0	170.0	16.0	120.0	43.0	194.0	42.0	141.0
KICH	3.0	5.0	1.0	1.0	0.0	1.0	1.0	3.0	6.0	6.0	4.0	3.0	2.0	4.0	2.0	1.0	1.0	5.0	4.0	20.0	11.0	11.0	11.0	36.0	26.0	18.0	39.0	27.0	38.0	21.0	32.0	7.0	15.0	4.0	18.0	0.0	19.0	2.0	19.0	20.0	10.0
