pathway_label	Notch signaling	Hippo signaling	DNA base excision repair	DNA strand break joining	Poly(ADP-ribose) polymerase (PARP)	Direct reversal of DNA damage	Repair of DNA-topoisomerase crosslinks	Mismatch excision repair	Nucleotide excision repair	Homologous recombination	Fanconi anemia	Non-homologous DNA end-joining	Modulation of nucleotide pools	DNA polymerase	Editing and processing nucleases	Ubiquitination and modification	Chromatin structure and modification	Sensitivity to DNA damaging agents	Known/suspected DNA repair function	Conserved DNA damage response	DNA damage checkpoint	PI3-K signaling	Wnt signaling	Intrinsic apoptotic pathway	Extrinsic apoptotic pathway	Cell cycle	Histone modification	Oxidative stress	Ras signaling	TGF-B signaling	TP53 signaling	cell cycle (Pancan Atlas)	HIPPO (Pancan Atlas)	MYC (Pancan Atlas)	NOTCH (Pancan Atlas)	NRF2 (Pancan Atlas)	PI3K (Pancan Atlas)	TGF-Beta (Pancan Atlas)	RTK RAS (Pancan Atlas)	TP53 (Pancan Atlas)	WNT (Pancan Atlas)
ACC	2.0	5.0	1.0	3.0	3.0	2.0	1.0	7.0	11.0	8.0	5.0	4.0	0.0	11.0	2.0	3.0	4.0	6.0	3.0	25.0	15.0	4.0	21.0	32.0	28.0	30.0	49.0	38.0	40.0	29.0	30.0	5.0	30.0	4.0	28.0	3.0	8.0	3.0	26.0	22.0	31.0
DLBC	5.0	5.0	5.0	4.0	1.0	0.0	3.0	8.0	4.0	9.0	11.0	4.0	1.0	10.0	3.0	6.0	2.0	11.0	2.0	13.0	11.0	11.0	17.0	28.0	29.0	23.0	36.0	25.0	32.0	18.0	20.0	10.0	27.0	8.0	26.0	1.0	10.0	0.0	24.0	13.0	18.0
READ	3.0	16.0	3.0	3.0	2.0	0.0	2.0	8.0	9.0	7.0	11.0	3.0	2.0	8.0	2.0	8.0	1.0	10.0	4.0	64.0	12.0	18.0	76.0	71.0	33.0	74.0	65.0	67.0	76.0	39.0	66.0	4.0	41.0	7.0	32.0	0.0	17.0	15.0	56.0	66.0	77.0
GBM	12.0	4.0	8.0	4.0	2.0	1.0	2.0	11.0	12.0	10.0	14.0	5.0	0.0	9.0	3.0	9.0	3.0	7.0	10.0	99.0	28.0	151.0	39.0	129.0	142.0	63.0	152.0	177.0	251.0	68.0	122.0	36.0	67.0	10.0	69.0	0.0	155.0	5.0	164.0	94.0	64.0
PCPG	1.0	1.0	0.0	0.0	0.0	0.0	0.0	1.0	7.0	2.0	4.0	3.0	0.0	2.0	0.0	2.0	1.0	0.0	0.0	14.0	10.0	1.0	11.0	14.0	14.0	11.0	47.0	10.0	38.0	11.0	11.0	2.0	13.0	3.0	19.0	1.0	2.0	0.0	54.0	9.0	11.0
STAD	41.0	24.0	38.0	22.0	20.0	9.0	10.0	48.0	60.0	57.0	69.0	50.0	6.0	77.0	30.0	32.0	11.0	56.0	42.0	179.0	102.0	104.0	132.0	220.0	165.0	163.0	216.0	208.0	254.0	166.0	212.0	41.0	175.0	52.0	145.0	16.0	118.0	61.0	193.0	161.0	150.0
UCEC	31.0	25.0	30.0	30.0	16.0	7.0	10.0	40.0	56.0	44.0	55.0	28.0	6.0	58.0	21.0	32.0	15.0	35.0	25.0	111.0	70.0	215.0	158.0	168.0	190.0	111.0	164.0	151.0	243.0	113.0	148.0	47.0	115.0	46.0	123.0	26.0	224.0	30.0	160.0	98.0	166.0
THCA	4.0	4.0	3.0	0.0	0.0	0.0	1.0	9.0	8.0	3.0	7.0	10.0	0.0	10.0	1.0	0.0	2.0	9.0	3.0	35.0	17.0	16.0	32.0	58.0	35.0	42.0	122.0	34.0	362.0	35.0	34.0	8.0	23.0	3.0	40.0	3.0	21.0	2.0	374.0	34.0	31.0
CESC	12.0	10.0	9.0	11.0	3.0	2.0	2.0	18.0	25.0	19.0	23.0	18.0	2.0	28.0	7.0	7.0	9.0	13.0	15.0	36.0	42.0	73.0	67.0	109.0	90.0	72.0	139.0	83.0	142.0	76.0	79.0	18.0	81.0	17.0	104.0	13.0	87.0	22.0	111.0	22.0	65.0
UCS	2.0	8.0	1.0	3.0	2.0	1.0	1.0	4.0	3.0	4.0	7.0	3.0	0.0	5.0	4.0	4.0	0.0	4.0	2.0	52.0	8.0	31.0	21.0	56.0	23.0	12.0	38.0	55.0	57.0	14.0	54.0	7.0	15.0	3.0	32.0	1.0	37.0	3.0	32.0	53.0	20.0
TGCT	1.0	4.0	3.0	1.0	0.0	0.0	0.0	2.0	5.0	1.0	3.0	3.0	0.0	2.0	2.0	3.0	1.0	4.0	3.0	6.0	10.0	6.0	10.0	18.0	28.0	9.0	60.0	14.0	54.0	16.0	15.0	1.0	18.0	3.0	20.0	2.0	5.0	1.0	66.0	2.0	24.0
LIHC	11.0	12.0	15.0	9.0	7.0	6.0	5.0	20.0	22.0	18.0	34.0	24.0	4.0	28.0	11.0	14.0	5.0	21.0	11.0	78.0	44.0	27.0	97.0	121.0	109.0	80.0	160.0	103.0	160.0	86.0	113.0	33.0	80.0	21.0	80.0	18.0	57.0	15.0	106.0	78.0	109.0
CCLE_Breast	6.0	6.0	8.0	11.0	2.0	2.0	0.0	17.0	14.0	19.0	29.0	14.0	1.0	19.0	4.0	6.0	2.0	11.0	11.0	51.0	29.0	41.0	43.0	58.0	53.0	47.0	62.0	55.0	61.0	47.0	57.0	15.0	47.0	13.0	48.0	0.0	41.0	11.0	54.0	48.0	48.0
CHOL	3.0	1.0	1.0	0.0	0.0	0.0	0.0	1.0	2.0	0.0	1.0	1.0	0.0	2.0	1.0	0.0	1.0	1.0	1.0	7.0	2.0	4.0	3.0	16.0	12.0	10.0	23.0	13.0	23.0	10.0	10.0	3.0	9.0	4.0	6.0	3.0	6.0	1.0	18.0	6.0	4.0
HNSC	34.0	32.0	25.0	21.0	10.0	12.0	5.0	49.0	62.0	59.0	82.0	43.0	3.0	88.0	24.0	28.0	8.0	35.0	27.0	387.0	114.0	158.0	186.0	450.0	285.0	216.0	385.0	432.0	478.0	226.0	414.0	143.0	295.0	37.0	294.0	61.0	173.0	51.0	298.0	374.0	194.0
UVM	2.0	1.0	0.0	1.0	0.0	0.0	0.0	0.0	1.0	4.0	3.0	2.0	1.0	1.0	0.0	1.0	0.0	0.0	1.0	1.0	2.0	1.0	6.0	7.0	4.0	8.0	41.0	7.0	13.0	4.0	5.0	1.0	5.0	0.0	5.0	1.0	5.0	0.0	8.0	0.0	6.0
SKCM	62.0	37.0	51.0	27.0	21.0	18.0	13.0	77.0	100.0	83.0	119.0	59.0	9.0	130.0	37.0	40.0	25.0	60.0	54.0	183.0	192.0	181.0	241.0	332.0	330.0	284.0	407.0	306.0	443.0	298.0	278.0	127.0	332.0	97.0	315.0	14.0	195.0	35.0	441.0	107.0	285.0
COAD	32.0	35.0	19.0	19.0	15.0	3.0	1.0	40.0	44.0	39.0	46.0	24.0	3.0	52.0	22.0	26.0	8.0	50.0	20.0	154.0	70.0	100.0	193.0	183.0	124.0	197.0	167.0	174.0	205.0	126.0	174.0	26.0	126.0	34.0	122.0	10.0	112.0	69.0	167.0	141.0	194.0
BLCA	45.0	41.0	34.0	18.0	17.0	3.0	10.0	58.0	102.0	98.0	125.0	54.0	5.0	109.0	31.0	36.0	12.0	77.0	40.0	251.0	179.0	147.0	194.0	332.0	278.0	236.0	346.0	310.0	373.0	227.0	320.0	143.0	249.0	57.0	262.0	40.0	196.0	37.0	310.0	242.0	196.0
PAAD	1.0	15.0	3.0	3.0	1.0	1.0	2.0	5.0	14.0	8.0	7.0	4.0	1.0	18.0	4.0	1.0	2.0	8.0	4.0	116.0	32.0	9.0	35.0	132.0	63.0	68.0	118.0	128.0	164.0	75.0	127.0	45.0	55.0	4.0	56.0	3.0	16.0	48.0	151.0	118.0	54.0
THYM	4.0	2.0	0.0	3.0	0.0	0.0	0.0	6.0	2.0	4.0	2.0	1.0	0.0	4.0	2.0	3.0	1.0	0.0	1.0	7.0	9.0	4.0	5.0	24.0	21.0	7.0	44.0	13.0	31.0	16.0	22.0	1.0	11.0	1.0	17.0	1.0	9.0	0.0	27.0	5.0	11.0
LUSC	15.0	11.0	15.0	9.0	5.0	3.0	1.0	34.0	31.0	27.0	40.0	26.0	6.0	31.0	12.0	23.0	1.0	17.0	16.0	150.0	69.0	72.0	87.0	164.0	118.0	104.0	166.0	161.0	173.0	104.0	158.0	48.0	120.0	16.0	112.0	56.0	86.0	16.0	139.0	143.0	94.0
MESO	2.0	10.0	1.0	0.0	0.0	0.0	0.0	5.0	3.0	4.0	5.0	0.0	1.0	3.0	0.0	2.0	0.0	2.0	3.0	15.0	9.0	6.0	9.0	26.0	23.0	10.0	46.0	22.0	40.0	22.0	23.0	3.0	35.0	5.0	15.0	0.0	13.0	1.0	20.0	14.0	12.0
OV	4.0	2.0	2.0	3.0	2.0	0.0	0.0	8.0	5.0	12.0	15.0	3.0	0.0	3.0	3.0	1.0	0.0	4.0	3.0	113.0	13.0	11.0	20.0	118.0	48.0	29.0	66.0	116.0	126.0	31.0	116.0	7.0	44.0	1.0	40.0	0.0	16.0	3.0	50.0	115.0	18.0
ESCA	14.0	12.0	8.0	6.0	4.0	4.0	3.0	16.0	20.0	15.0	29.0	21.0	1.0	27.0	4.0	13.0	3.0	19.0	13.0	165.0	35.0	36.0	65.0	172.0	96.0	86.0	141.0	171.0	176.0	92.0	173.0	29.0	94.0	19.0	112.0	23.0	62.0	32.0	103.0	163.0	69.0
SARC	7.0	10.0	3.0	5.0	1.0	1.0	0.0	10.0	19.0	12.0	20.0	14.0	1.0	17.0	6.0	11.0	5.0	10.0	8.0	105.0	31.0	26.0	41.0	128.0	69.0	69.0	141.0	124.0	158.0	55.0	126.0	37.0	56.0	7.0	56.0	2.0	32.0	6.0	67.0	103.0	47.0
KIRP	5.0	15.0	9.0	2.0	3.0	0.0	0.0	22.0	10.0	20.0	20.0	3.0	1.0	20.0	3.0	6.0	2.0	8.0	8.0	23.0	23.0	19.0	45.0	88.0	91.0	41.0	164.0	72.0	144.0	68.0	64.0	5.0	67.0	10.0	70.0	18.0	42.0	9.0	106.0	14.0	58.0
LGG	11.0	13.0	8.0	8.0	6.0	0.0	3.0	10.0	13.0	19.0	21.0	12.0	2.0	19.0	4.0	6.0	5.0	12.0	3.0	282.0	43.0	96.0	44.0	307.0	114.0	73.0	355.0	328.0	412.0	72.0	290.0	19.0	85.0	16.0	122.0	2.0	108.0	10.0	155.0	275.0	69.0
LAML	0.0	1.0	0.0	0.0	1.0	0.0	0.0	0.0	0.0	1.0	3.0	0.0	0.0	0.0	0.0	0.0	0.0	1.0	0.0	16.0	6.0	2.0	2.0	22.0	6.0	15.0	38.0	19.0	100.0	5.0	20.0	0.0	8.0	3.0	8.0	1.0	1.0	0.0	101.0	15.0	4.0
PRAD	10.0	9.0	4.0	4.0	2.0	4.0	3.0	17.0	25.0	15.0	24.0	14.0	0.0	19.0	4.0	10.0	6.0	22.0	15.0	91.0	31.0	53.0	63.0	152.0	102.0	102.0	194.0	119.0	197.0	72.0	129.0	14.0	86.0	15.0	92.0	9.0	51.0	14.0	95.0	98.0	85.0
LUAD	61.0	44.0	37.0	30.0	16.0	7.0	14.0	82.0	93.0	93.0	122.0	79.0	6.0	116.0	40.0	53.0	19.0	77.0	59.0	342.0	178.0	144.0	220.0	440.0	318.0	305.0	450.0	412.0	517.0	335.0	415.0	75.0	335.0	76.0	299.0	121.0	237.0	56.0	474.0	340.0	284.0
BRCA	28.0	21.0	23.0	22.0	12.0	5.0	2.0	49.0	58.0	61.0	75.0	33.0	2.0	58.0	26.0	27.0	7.0	36.0	24.0	348.0	92.0	378.0	104.0	449.0	243.0	202.0	465.0	429.0	691.0	187.0	408.0	54.0	189.0	37.0	220.0	11.0	406.0	37.0	262.0	328.0	149.0
KIRC	9.0	11.0	9.0	2.0	2.0	2.0	2.0	15.0	15.0	19.0	28.0	5.0	0.0	32.0	3.0	6.0	4.0	33.0	8.0	35.0	31.0	33.0	39.0	106.0	103.0	82.0	228.0	86.0	184.0	79.0	86.0	8.0	76.0	14.0	79.0	9.0	73.0	10.0	121.0	39.0	52.0
KICH	0.0	2.0	0.0	1.0	0.0	1.0	0.0	1.0	4.0	0.0	1.0	2.0	0.0	2.0	0.0	0.0	0.0	3.0	3.0	20.0	6.0	6.0	6.0	33.0	17.0	12.0	33.0	26.0	36.0	15.0	29.0	5.0	11.0	2.0	11.0	0.0	12.0	1.0	14.0	20.0	8.0
